warning off
%Quad   -0.0000   -0.0000   -0.0000    4.3226    7.6794  1e4
Par=[0     0     0     0     0
     0     -1     0     0     0
     0     0     -2     0     0
     0     0     0     -1     0
     0     0     0     0     -1]/100000;
 Par=[Par(:);zeros(75,1)];
Par=[9e4; Par];
% load('new_par');
% Par=new_par;
% Par(1)=5e4;
Par=[49686.9536089088;1.48358069845512e-11;2.14429175291801e-10;1.21633554496691e-07;6.11221147892996e-08;2.18649293454104e-10;7.71492357865689e-11;-1.00618110862709e-05;2.98870106972534e-11;9.84586971535705e-11;0.000188340851823117;7.55697848732143e-11;1.95100486830213e-10;-2.02697260637161e-05;1.95890558606000e-06;2.35087134449382e-05;3.72257928457561e-05;-2.07921185908148e-11;7.37095251187850e-11;-9.85420842622229e-06;6.19746042905640e-11;2.68939170477780e-07;-1.31293906795807e-11;1.85123639225633e-11;-5.10407295695612e-11;-9.87585641811936e-06;7.09877912527735e-12;-7.10772311088273e-12;-4.41799612000378e-12;-5.41971620522541e-12;-4.89486682728113e-12;-3.76707201619069e-11;-1.51957382053891e-11;-1.45863293184823e-11;-2.14772431625342e-11;-2.07023611582937e-11;-5.38689577794228e-12;3.47546938913413e-11;-1.00976288521608e-11;-4.55111735736869e-12;-1.64047094450558e-11;9.59395522346760e-12;-9.24257369742283e-13;-5.60183624793112e-12;-1.33741036566197e-12;-3.08104058139898e-13;9.76123328114069e-12;-6.62119808001083e-12;-5.64398131600957e-12;-4.74365115212989e-12;1.50058459081202e-12;2.29892262445087e-11;2.04381339537473e-10;4.83872529343062e-07;2.12286309575241e-10;2.14489040057410e-10;-5.71088554115425e-11;-5.94459743062647e-12;-9.93441866566113e-12;3.05448693164397e-08;2.10616910927835e-10;-5.96695447994216e-12;-9.58805983408061e-11;-7.43149032019963e-12;-1.61107260056930e-12;6.46427691907447e-12;1.03593712201169e-11;6.78924417658260e-11;8.49768223259474e-12;4.51117675862884e-12;1.68567585682709e-12;-1.54389280021181e-11;-2.90529640102415e-12;3.80492074429225e-09;1.06362682531044e-11;1.11544874612390e-11;-2.03790907451725e-12;3.54191263980840e-12;6.25984477010228e-11;2.14933857168240e-11;7.14150868850579e-12;-1.18474720297200e-11;-8.10017961067267e-12;5.19227346468955e-11;-2.77735302867692e-11;4.07976694998835e-12;-1.77807142514989e-12;1.40844808761762e-11;6.01044476930224e-12;2.39353588799594e-11;2.55402598821803e-12;-5.13407266713762e-12;4.07197412496623e-12;2.54826274309157e-12;1.57896389024395e-11;1.09467155857655e-11;-4.04249510167358e-12;-1.39076808150799e-12;-5.79767431356080e-13;-2.65467946879760e-12;9.97860818930262e-12]
Par=[44913.5979908048;1.51848749331218e-11;2.13768779676981e-10;1.22175384805007e-07;6.16769002409234e-08;2.26556457671810e-10;8.55908813091265e-11;-1.00778802296070e-05;3.17493294470715e-11;1.06447645542279e-10;0.000193806352233509;7.83141629088210e-11;1.98751880496044e-10;-2.57875960347440e-05;2.05892606626817e-06;2.36836862899856e-05;3.73157122395286e-05;-2.08794930621762e-11;7.42836021323856e-11;-1.00560800804742e-05;6.29134163238319e-11;2.50354287718893e-07;-1.34110427061301e-11;1.80793027851149e-11;-5.13996415203917e-11;-1.03582356934793e-05;6.19049680690752e-12;-8.52607361276011e-12;-4.97116050595138e-12;-4.88289463352042e-12;-4.86121073453319e-12;-4.05873397406841e-11;-1.46809022664927e-11;-1.53897829261243e-11;-2.20301269281669e-11;-2.15622999690810e-11;-5.65131755909791e-12;3.47373742969756e-11;-1.07278556275248e-11;-4.31700354779782e-12;-1.73234958691328e-11;1.03974771452324e-11;-9.40438288968004e-13;-5.71633824312543e-12;-1.37697944432322e-12;-3.23407787097806e-13;1.26187595175390e-11;-6.07231553895944e-12;-5.27352651661005e-12;-5.03277898568656e-12;1.48839331169331e-12;2.47135316193270e-11;2.08246592568920e-10;3.97744879208188e-07;2.19452637491092e-10;2.13961820897343e-10;-5.96445578735583e-11;-6.23185625799554e-12;-1.02908253202146e-11;3.44976098070671e-08;2.16998299144631e-10;-5.89392477203283e-12;-9.73580612386983e-11;-7.38731630815124e-12;-1.62152991836954e-12;6.48942357839035e-12;1.06313543208826e-11;6.92245031472693e-11;8.64844808873574e-12;4.67371205195663e-12;1.76116316822427e-12;-1.63333133579296e-11;-2.89864627371240e-12;3.39609299293338e-09;1.09888514771848e-11;1.16352131769407e-11;-2.04139714102348e-12;3.62820210967629e-12;6.83760150347019e-11;2.05882940121971e-11;7.08076746248494e-12;-1.11902534596287e-11;-8.03851649648667e-12;5.44083998901094e-11;-3.00351412123087e-11;4.08271578805248e-12;-1.88910384169053e-12;1.36851707369444e-11;6.07144784599308e-12;2.54674619371455e-11;2.56374041911435e-12;-5.59327054913312e-12;4.04625388914944e-12;2.55960574518520e-12;1.64313817771737e-11;1.09469342637365e-11;-4.32613324522822e-12;-1.38262032248417e-12;-6.15938972187259e-13;-2.72349405033718e-12;1.06900168196812e-11]
Jac=[9591.99969272528;7.16127312932288e-13;-5.07239882271427e-13;2.51364112194667e-06;3.14756514774089e-10;-5.86569693678049e-11;-6.91154827772400e-11;-2.10264665146083e-05;-1.85632942128507e-11;6.29710074920925e-09;0.000327437312956540;1.91431699350988e-11;-5.32942953483126e-10;-0.000101627235807660;9.73968332307876e-05;2.82809936046273e-05;4.20806619385109e-05;-1.96428276980870e-13;1.83716185964897e-12;-2.09921990314471e-06;3.12346119648201e-13;-9.08302964108138e-07;-1.09242131319110e-14;6.74107788995125e-12;1.93817487471366e-12;-9.68067848611973e-06]
Par(1:26)=Jac;
Par=[9152.37485182433;3.55110973991601e-13;-6.12373505038047e-13;3.22159821264718e-06;3.69640773470843e-10;-6.41136362785246e-11;-8.29481276468246e-11;-1.37576615318915e-05;-1.85290895308768e-11;5.61848506057216e-09;0.000287917123212990;2.36237610526582e-11;-5.60285075722631e-10;-0.000126644363545174;8.26021912244375e-05;2.87472517421292e-05;4.04585539907031e-05;-3.05841034837633e-13;2.06276962358955e-12;-2.39072261986945e-06;5.47098450108160e-13;-9.53435822469777e-07;-1.10137637646079e-14;7.17531634042849e-12;2.54975466867911e-12;-9.43216771729017e-06;4.27138761072082e-12;-8.14274656932705e-12;-5.33529777598035e-12;-4.84570639831931e-12;-5.29134105499539e-12;-4.86699687299787e-11;-1.68513711951384e-11;-1.53070028071180e-11;-2.58661357545657e-11;-2.93823371658589e-11;-3.95408908718480e-12;1.20757278766466e-11;-8.86775202914590e-12;-5.08401699831057e-12;-1.59167966770298e-11;8.40590832743845e-12;-1.22562527378344e-12;-6.66234392111287e-12;-1.50574782582085e-12;-3.95448850137006e-13;1.22379897462152e-11;-6.97780826768054e-12;-6.76913944761155e-12;-6.00386600408007e-12;1.45643460740975e-12;2.90554380039874e-11;2.65859891656505e-10;1.26153235820742e-07;2.03295741738173e-10;2.46849746043611e-10;-6.41471153090895e-11;-5.39507078513002e-12;-6.38543341915691e-12;2.90768275689051e-08;2.26769642468428e-10;-5.94716647321435e-12;-8.16666970100697e-11;-8.85964212904759e-12;-1.72737522261366e-12;7.10150013563675e-12;1.26954205557488e-11;8.89578464533913e-11;1.03443183616513e-11;4.60364454171192e-12;2.37990030498487e-12;-1.42752301646197e-11;-3.44140426706919e-12;2.53435227921842e-09;1.11389339325706e-11;1.12588484849582e-11;-3.21953964923621e-12;3.70042246730081e-12;6.25784650526418e-11;2.12495975505335e-11;6.48850297063790e-12;-1.48973835356739e-11;-3.74646373523816e-12;6.04573361967943e-11;-1.76830416233407e-11;2.41057250046054e-12;-2.28856608729208e-12;1.19511374664098e-11;6.77676550150712e-12;2.72003291957179e-11;2.66716826465616e-12;-6.11040711417879e-12;3.66045351675833e-12;3.06362448027586e-12;1.95521286172848e-11;1.07211647254222e-11;-4.83899129184815e-12;-1.40495551900665e-12;-6.66488306863906e-13;-2.94209201756519e-12;9.90947983159761e-12]
