
Par=[0,0,0,0,0,0                                              %1
    5.182e-07    1.6433   -0.0390   -0.1024   -0.2732    0.0182  %2
    5.182e-07    1.6433   -0.0390   -0.1024   -0.2732    0.0182  %3
    0.0000610814439018989   -0.0000    0.5543    0.51689    0.0327    0.1049  %4
    0.00210814439018989   -0.0200    0.9543   -0.3080    0.0327    0.1049  %5
    0.000699018377490511   -0.1117   -0.2320    1.1689   -0.0673   -0.0101  %6
    0.000699018377490511   -0.1117   -0.2320    1.1689   -0.0673   -0.0101  %7
    0,0,0,0,0,0                                              %8
    3.11616497220864e-06    0.1213    1.0482   -0.0737    0.3804    0.1408 %9
    0,0,0,0,0,0                                              %10
    ];

Par=[-9.54282606219913e-05*0;5.13851789005299e-07;4.93036997151627e-07;6.10649865573412e-05;0.00229047893537440;0.000708724144653862;0.000674607705120644;-0.000136683518876926;3.13640452660424e-06;6.18007510528325e-05;5.32831839963998e-05;1.64960407182183;1.59251754102807;-0.000297752065009892;-0.0201164993747569;-0.114539107026625;-0.104908664451582;4.96605845687030e-05;0.122159486487827;1.61631704382400e-05;2.69825362145731e-05;-0.0388931482718847;-0.0370569103368439;0.548612748325725;0.902946607797326;-0.222407536470319;-0.229370745902107;8.01592029917285e-05;1.04283489368102;-8.85492705794544e-05;-5.37098245475649e-05;-0.104935974584753;-0.103936283690092;0.503823355177374;-0.327009981958830;1.19459884707677;1.16843035660177;-0.000128117874515733;-0.0724636682272648;-0.000104690556428115;-2.50769807357367e-05;-0.275896200138763;-0.281729488532596;0.0298766283435150;0.0321215588815507;-0.0953123133291650;-0.0646352484445844;2.58369936247469e-05;0.358126679844696;-3.82708110416080e-05;8.10321201756347e-05;0.0178056966289258;0.0182223662724751;0.104187897522646;0*0.116135736146784;-0.0100894408402053;-0.00956960437648766;0.000132299427125628;0.140747180044943;3.23710846569111e-05]
Par=[9.71063921931315e-05*0;5.22119194793771e-07;5.14644486894940e-07;6.10950818903621e-05;0.00243305076039757;0.000646303509907829;0.000718425466428024;-0.000140013446055933;3.62491435009082e-06;6.30778466572674e-05;5.04149410968653e-05;1.64770604264026;1.59519671610663;-0.000294506070706587;-0.0197582415206072;-0.111596213650983;-0.105244755584085;4.96297547955408e-05;0.116754008531441;1.43154398191009e-05;3.09398096764458e-05;-0.0412717625382417;-0.0360770974336747;0.583188264441731;0.963856384785012;-0.218143095832488;-0.227388337004475;8.36207634184974e-05;1.05477453380608;-7.79146653000666e-05;-5.87361669501119e-05;-0.104328164786251;-0.104220343732480;0.458092174568001;-0.241162890151015;1.22475916913850;1.17237193987189;-0.000132310819002377;-0.0706672284137853;-8.43498775525066e-05;-2.53348506196452e-05;-0.272641029170843;-0.285419479809270;0.0301681204561396;0.0309312889079746;-0.0950657236189118;-0.0671888138044132;2.78186888186567e-05;0.285675466435339;-3.78479978227380e-05;7.55578539115594e-05;0.0180257818688266;0.0186408575266359;0.103930386754859;0*-0.000205230167931972;-0.00988591818525078;-0.00988777609217555;0.000143662123066486;0.158454277054005;3.64933878367109e-05]
Par=[0*0.0101926849193825;5.69719999860561e-07;5.54283227203015e-07;6.87302213739534e-05;0.00450875605363952;0.000654416042660232;0.000828405602360951;0.000237046536124109;3.66805521232113e-06;1.62231686020557e-05;-0.000141021313075437;1.63577653599714;1.59853995092999;0.00419595896090629;-0.00662387755804554;-0.130612247203286;-0.111853261678803;0.000224024209458336;0.122746984932263;8.63585621021760e-05;5.67097535030523e-05;-0.0400577320269192;-0.0326572969452761;0.593599306507624;0.896939006346081;-0.212678455751739;-0.226834425897614;9.10695003890415e-05;1.04573539853289;-0.000259465200648194;-0.000231294261761964;-0.136420643379768;-0.0740347344530010;0.453820658538245;-0.278866107645144;1.22074212719610;1.17411797028480;-0.00118021642331601;-0.0574873051692177;-0.000147525232015872;-0.000397611052486165;-0.239576877030147;-0.296424207055085;0.0364695213846264;0.0451448819869989;-0.111717002253468;-0.100111367932223;-2.37454576084467e-05;0.297119378239473;0.000155316835876828;-0.000405161285829800;0.0181588868863589;0.0226385227605529;0.112465742309701;-0.0106113324762842;-0.00807701124393468;-0.00569305634476049;2.76235539423216e-05;0.166330514289281;3.78321394974455e-05]
Par=[0,-0.000141021313075437,5.67097535030523e-05,-0.000231294261761964,-0.000397611052486165,-0.000405161285829800;5.69719999860561e-07,1.63577653599714,-0.0400577320269192,-0.136420643379768,-0.239576877030147,0.0181588868863589;5.54283227203015e-07,1.59853995092999,-0.0326572969452761,-0.0740347344530010,-0.296424207055085,0.0226385227605529;6.87302213739534e-05,0.00419595896090629,0.593599306507624,0.453820658538245,0.0364695213846264,0.112465742309701;0.00450875605363952,-0.00662387755804554,0.896939006346081,-0.278866107645144,0.0451448819869989,-0.0106113324762842;0.000654416042660232,-0.130612247203286,-0.212678455751739,1.22074212719610,-0.111717002253468,-0.00807701124393468;0.000828405602360951,-0.111853261678803,-0.226834425897614,1.17411797028480,-0.100111367932223,-0.00569305634476049;0,0.000224024209458336,9.10695003890415e-05,-0.00118021642331601,-2.37454576084467e-05,2.76235539423216e-05;3.66805521232113e-06,0.122746984932263,1.04573539853289,-0.0574873051692177,0.297119378239473,0.166330514289281;0,8.63585621021760e-05,-0.000259465200648194,-0.000147525232015872,0.000155316835876828,3.78321394974455e-05]

Par=[0;6.52358269531827e-07;5.56668537306576e-07;7.88844631532300e-05;0.00378945410700297;0.000697118491302526;0.000768242304634207;0;3.34714565876698e-06;0;6.49581595052207e-06;1.62101644629936;1.62509293235207;0.00850159671729343;8.14483595009705e-05;-0.137271273394326;-0.110419283165383;-0.00203812284947845;0.122838928229045;-7.37417708503493e-05;0.000239426224896767;-1.33751814574726e-05;-0.0255499191352488;0.600198924492308;0.883982395564273;-0.216775930966662;-0.215435971583474;0.000147454450390513;1.04328873162697;0.000403775331077999;-5.99874440157943e-06;-0.146004220654813;-0.000740387962650865;0.431458713807460;-0.260060386799904;1.21568264714162;1.19112464111263;-0.00707381991258575;-0.0373013307244046;-3.39833184355189e-05;0.000239170750334251;-0.256507014838907;-0.329299612884827;0.0545313840621097;0.0520300265340904;-0.104703863685868;-0.119254905447422;-2.51000346732550e-06;0.291961550792445;3.03029411811615e-05;-0.000377251335833572;0.0182865416262097;0.00822604313536458;0.123570343438582;-0.0392783323800937;-0.00915209109980891;7.86168386685068e-05;3.49581598082870e-08;0.154611577924684;7.11032341912381e-06]

Par=[0;8.61988053098464e-07;4.72642612023684e-07;0.000102842476446976;0.00257382647227852;0.000995995968910650;0.00111342897598234;0;3.31075202467479e-06;0;-1.42568533587030e-05;1.59513517738480;1.61524047708638;-0.00229835070404015;-0.000696982643570534;-0.133074984105968;-0.103331166771075;2.40249173348226e-06;0.113483586162182;-0.000464947001597911;0.000429819670301070;-3.84695731947399e-07;-0.0980615689956458;0.665648438149173;0.884516147216507;-0.253414710583426;-0.247868747693469;1.28710382256119e-05;0.963606293925493;-0.000887200861260698;-0.00341891700655665;-0.135963628023724;0.103121336010659;0.354851037764123;-0.192999898977186;1.21276413091753;1.14688371698547;-0.341188736580854;0.0334427482873057;-1.58485162801852e-07;0.000660513279155038;-0.285622047186048;-0.369751607433003;0.0740943043823069;0.0427665530877798;-0.132796220112956;-0.104474663934335;2.85668983556558e-06;0.306065902118540;-8.26734625713155e-05;2.41219292644870e-05;0.0355166147055138;0.0107764179474849;0.116488023636243;-0.0440110384288321;4.39407744888164e-07;2.61268243959879e-05;-4.44916685189705e-07;0.174152543815789;4.54491013881796e-05]

%presure on kinetic orders
