
Par=[3103.16256846100 0 0 0
    3.16242649221822e-05 1 1 0
    1.34894947218148e-06 1 1 0
    9.61318512727303e-06 0 1 1
    1.42374154198437e-05 0 1 1
    0.0576167891146790 0 0 1]
Par=[300; Par(:)];

% Par=[300.966077017083;3272.94972063274;3.05837567094998e-05;1.32991758519970e-06;1.08554536148306e-05;1.36275148016374e-05;0.0553713852643778;0.000130857624020216;1.00850449033046;0.881495352079718;0.000272671701837728;-1.70708624000789e-05;0.000109682933583058;-0.000357137714198314;1.00062627502178;1.12418442140644;0.969492991217172;1.00541571934889;-0.000148574772302551;-0.000195293276174410;6.81345461019282e-05;-0.000335743571025745;1.06934559323432;0.995754782652618;1.00003368005875]
% Par=[300.986348746679;3297.44859118151;3.11744047940134e-05;1.34563534397774e-06;1.21769603785296e-05;1.39476076557607e-05;0.0517368329001804;-0.00259449921400337;1.00820083978536;0.856721286509942;0.00531592936972312;-3.59199192916824e-05;-0.000333395916519241;-0.00144586790231813;0.994748851618933;1.16913089346209;0.940101951964064;0.977632842189220;-0.000639378394661500;-0.000378920792644405;0.000329701198308037;0.00135783638681850;1.09890539319407;0.997906689093035;0.984875668988842]
% Par=[445.963186078341;3339.34382162756;3.17166043813909e-05;1.38245064437124e-06;1.27443807821012e-05;1.41037858934687e-05;0.0525866565852862;-0.00474107569101049;1.00870417234360;0.864872952232674;-0.00401925332700892;-0.000307324274755839;-0.000971855817846187;4.80428257001275e-05;0.994138679344432;1.15154944297903;0.970621299728845;0.979277210155212;-0.00217769673531252;-0.00116644863034006;-0.00238521587048158;0.0104916870634668;1.07669804385556;0.997035868311728;0.987380444604883]
% Par=[1055.077971117490;3493.63529016128;3.28393299876444e-05;1.72374070606314e-06;1.39401200316920e-05;1.45767838087020e-05;0.0547895980019650;-0.00487674144425556;1.01157834619593;0.867286898566894;-0.00829011288551437;-0.000674113921651036;-0.00200790138129524;-0.000339939715287122;0.993039122232913;1.12257787931699;0.991869667991751;0.976924785205953;-0.00234236574789663;-0.000107805012013549;-0.00315441267648247;0.0149075108974033;1.05207701406827;0.993435706139045;0.981177149518766]
% Par=[982.102326088883;3502.07351765450;3.33966442292264e-05;1.70883550482034e-06;1.45431840042382e-05;1.45916690286380e-05;0.0544078143627924;-0.00443697791009606;1.01173021789336;0.866408858232436;-0.00789241336876991;-0.000724329706527201;-0.00191141713641751;-0.000411825058887814;0.992248929794789;1.12020015901997;1.00251568249278;0.975454615954679;-0.00233693614100415;-0.000108079958103862;-0.00275894308998934;0.0149785900514657;1.02692925079570;0.993433136354581;0.979387623813799]
% Par=[1202.80885672049;4222.75343171195;4.02786082038519e-05;1.81713536156878e-06;1.29378607502973e-05;1.51940235436303e-05;0.0614779674012661;-0.00517316963228407;1.01589734864055;0.879027302559343;0.0715331038443182;-0.0289828773372506;-0.00353892022207343;0.0258855646905858;0.997261365521475;1.08102352031364;0.945104706809944;0.990118903827337;-0.0166947777121295;0.000588591387957856;0.0145627398986899;0.0482770408260104;1.01502631331701;0.998069931446858;0.969569319923069]
% 
% Par=[1261.53248434907;4067.62808487807;3.93135168084790e-05;1.46613686647764e-06;6.15251261762142e-06;1.42999570159000e-05;0.0609591663622712;-0.00673253743325141;1.01420554070000;0.859328897410126;0.123087790045609;-0.0331448870308330;-0.00321384648971024;0.0278072578937289;0.996337691976035;1.12665288818122;0.946725630580979;0.997743973188721;-0.0154594715637013;0.000366076239575611;0.0147195510732499;0.0529502767784519;1.04777702571885;1.00300470408932;0.969747226079125]
% Par=[1461.07498064489;3748.17781443803;3.88653646153163e-05;1.31452473826552e-06;5.53492285661390e-06;1.27195862072487e-05;0.0607562008747658;-0.00338876922270415;1.01279867143190;0.847159556484945;0.128436360008571;-0.0332416677687590;-0.0132104832725018;0.0201355392372896;0.989200127947886;1.19453892641933;0.940561961233835;0.987969554329923;-0.0198344010936881;0.000132266970237397;0.0107175049455391;0.0253958303193139;1.07664585528356;1.00244332387548;0.961661539552940]
% Par=[1528.98639355957;3723.38030692916;4.00000585026554e-05;1.48341053657573e-06;5.64217961141822e-06;1.27723957459561e-05;0.0586109338634355;-0.00242100020181368;1.01559476401973;0.854492747876454;0.122432696664691;-0.0406932483551071;-0.0129245795836353;0.0212383210642648;0.986702841504436;1.18778925349690;0.961461682167919;0.983738977615600;-0.0182670317053589;0.000161065682918917;0.00745778572644960;0.0199032331363439;1.07362314056859;1.00167458931300;0.949508165710371]

% Par=[317.660359614731;2800.84805455085;3.18045207132672e-05;1.31403340484230e-06;1.01233293244880e-05;1.37734002941975e-05;0.0541365256822737;8.81454854592191e-05;0.994810618657997;0.946399733669976;0.000331434906313946;7.57286580024751e-05;-0.000549556200217201;3.62979325068308e-05;0.994683057876793;1.04486822084955;0.902509800541259;0.989146679926482;5.53013887764407e-06;0.000643202851532782;0.000292703780582105;-0.000210979810406417;1.15033292133569;1.00123537836040;0.992903631882301]
Par=[707.898797713976,-0.131322619148285,0.0652059903326178,0.138430231017208
    2.74290709712722e-05,1.01002513278854,0.915235668006856,-0.0624222334509402
    1.18449032179785e-06,0.937497531445507,0.988680344035039,0.0585716046376420
    2.47724294281499e-06,-0.00313911396964099,1.43529013066231,0.660600296309528
    1.08954552559593e-05,0.0379856779311007,0.998693159011258,1.03520222002640
    0.129450032776724,0.00216129790049945,0.00973677896764006,0.942070121122811]
Par=[1150; Par(:)];

Par=[1162.00192769509;721.255881878251;2.63464673389454e-05;1.18514308318600e-06;2.56496721073224e-06;1.09385918511771e-05;0.133192149528849;-0.119377328268411;1.02668039580372;0.936747658403511;-0.00332969922013483;0.0379112458930731;0.00227446076061804;0.0630899963236659;0.910384734833535;1.00201167146402;1.44876306619622;1.01781982633552;0.00859180499994383;0.132495288549612;-0.0620945792349737;0.0583297090784781;0.721421097556756;1.04782971895517;0.958047939048044]
Par=[1170.84706992246;723.989588910496;2.62336937470163e-05;1.17150080479831e-06;2.52309592961230e-06;1.08163834140627e-05;0.130331640281413;-0.121762850460752;1.02845384727616;0.934163981088290;-0.00390424693318188;0.0356972795122610;-0.000562144674765729;0.0669101684782309;0.912783792442412;1.00840735618106;1.45122593209455;1.01943913650204;0.00619166457178692;0.136612083056783;-0.0610233669826268;0.0585155807836084;0.723905542625172;1.04301118429184;0.959950550789836]
Par=[720.248514780929;1084.61469331651;2.70038041252448e-05;1.17270421240858e-06;3.30956624709274e-06;9.53389568240562e-06;0.156171768664682;-0.100048335644059;1.03053180781972;1.01441899436660;-0.00206439111310477;0.0362123076849437;-0.00262559977913180;0.0720315545204439;0.860426688576237;0.950645526110002;1.45687310276266;0.983836946692649;-0.00905739978550043;0.0488057678982562;-0.0114906100532478;0.0890771325112634;0.752842309276481;1.04741691193873;0.906889425502942]
Par=[747.081284539332;1248.48239409355;2.74456722632691e-05;1.38417683318054e-06;3.24577868324654e-06;9.60066066671497e-06;0.141405965421322;-0.102298851090659;1.03288235376804;1.02825624221546;-0.00500919920214009;0.0332235941037383;0.000608443736744711;0.0681001141355022;0.862394216199699;0.967711755905481;1.44956094651586;0.997541693396145;0.00285855494383928;0.0455715816328645;-0.00960084154569893;-0.0151650956421573;0.721666972091724;1.04534195931907;0.911238964711359]

