

Par=[0.271534422167105;5.06439269612949e-06;3.54767246927118e-05;1.06349863925472e-06;0.0100168833738356;8.57919266464095e-06;1.79504478308065e-05;0.0751134696364733]
Par=[3.6079e+03;0;3.54767246927118e-05;1.06349863925472e-06;0.0100168833738356;8.57919266464095e-06;1.79504478308065e-05;0.0751134696364733]

Par=[3103.16256846100;-0.00249042742745070;3.16242649221822e-05;1.34894947218148e-06;0.0144986046672089;9.61318512727303e-06;1.42374154198437e-05;0.0576167891146790]

Par=[3103.16256846100 0 0 0
    3.16242649221822e-05 1 1 0
    1.34894947218148e-06 1 1 0
    0.0144986046672089 0 1 0
    9.61318512727303e-06 0 1 1
    1.42374154198437e-05 0 1 1
    0.0576167891146790 0 0 1]
Par=Par(:);

Par=[1854.90422940972;1.62864392223647e-05;1.40956303804389e-06;0.00109022733968339;6.66412188736635e-06;2.31157863149903e-05;0.0642271240303045;-0.0106926893504794;1.00452437361919;1.04084543274422;-0.0127516582635446;-0.00783365073951756;0.0335856729801004;0.0207277978021068;-0.00815481298004145;0.983916651390374;0.878060002192602;1.24684572546629;1.14905187511496;0.969979891799961;0.00994518705829758;-0.0157190109875314;-0.000674061298203174;-0.00180901706767544;-0.00124207552483119;0.820123890776580;0.992727716885120;1.01025700050011]
Par=[1946.45580308541;2.64634067165036e-05;1.73303637325119e-06;0.00283499377728695;2.60430944782005e-06;1.49981533032757e-05;0.0761456171496104;-0.0587788911646160;1.01217601734249;1.05746339477174;0.0383192704166181;0.126735336108326;0.0501146808229885;0.0468709889924531;-0.0125930844035423;0.904151067511144;0.874989141322141;1.12629633290059;1.12774485328755;0.989040131488065;0.0288327594531026;0.0329360012045679;-0.00729954768413860;-0.0254168060584199;-0.00187158170663087;0.780375903667079;1.01702475591860;0.947559228419480]
Par=[1214.52737924181;2.64171488826483e-05;1.62503899965833e-06;0.00529381913786387;3.41912629173350e-06;1.18331454029283e-05;0.0944229734647153;-0.0750520503410231;1.03021411544669;1.02307662884979;-0.0671206605774410;0.0834881107877517;0.0352412143008139;0.0287979849908632;-0.00821961713321200;0.880869128056834;0.843342338144808;1.15394673384960;1.04322708423375;1.00964849537138;0.0377466018882252;0.0718432230274940;-0.0476193922746914;0.0801188886234018;0.000468210393162584;0.953158653823381;1.03754301798553;0.925341970550229]
Par=[1214.52737924181;2.64171488826483e-05;1.62503899965833e-06;0.00529381913786387;3.41912629173350e-06;1.18331454029283e-05;0.0944229734647153;-0.0750520503410231;1.03021411544669;1.02307662884979;-0.671206605774410;0.0834881107877517;0.0352412143008139;0.0287979849908632;-0.00821961713321200;0.880869128056834;0.843342338144808;1.15394673384960;1.04322708423375;1.00964849537138;0.0377466018882252;0.0718432230274940;-0.0476193922746914;0.0801188886234018;0.000468210393162584;0.953158653823381;1.03754301798553;0.925341970550229]

Par=[1148.94759811668;2.41746417447094e-05;1.52023611467464e-06;0.00543708651300211;4.59410900123350e-06;1.04607822077307e-05;0.0891418981737031;-0.0734671958172504;0.970756323630136;0.999618759360450;-0.893574138061324;0.0475413724347976;0.0388630304099847;0.0299821572948233;-0.00801290979760882;0.970440171092652;0.853236875019897;0.839953892434920;1.43591183950856;1.02463951506626;0.0332390212912795;0.0679936848274016;-0.0619580279730104;0.0855715304050720;0.000458901403672944;0.571342818269012;1.04282580539330;0.945397946049921]

Par=[1134.39236907914;2.47705951268767e-05;1.45164432051406e-06;0.0316648546042426;4.74003730189276e-06;1.06625549388740e-05;0.0915989779075376;-0.0762422140904879;0.973578726420300;0.996236004206135;-0.0109515271057456;0.0497428058949860;0.0405630218729695;0.0286872740106015;-0.0137432584759856;0.962663869186016;0.857758955390441;-0.0641505477757948;1.43800193224612;1.02482322377935;0.0332948343811913;0.0725423824291964;-0.0678121502050428;0.0940546084385987;-0.00320662128944591;0.564796838644289;1.04100730088652;0.946776061111315]
% Par=[1156.07559162846;2.63437454503021e-05;1.61103752263518e-06;-0.347398293315479;4.89033759491479e-06;1.01143792449834e-05;0.0852171409306471;-0.0786150460482313;0.982112730237021;0.971652456788271;0.116807735037681;0.0499380771856347;0.0401287531402143;0.0323423307154222;-0.0207074067374115;0.947774791823285;0.883262100228450;-0.157352054379292;1.43299971362098;1.02152170701991;0.0381167607253119;0.0768969287526880;-0.0748610328365499;0.0902574544489075;-0.00565307000184066;0.572826981781840;1.04917865987380;0.942434712213358]
% 
% Par=[1124.43787384311;2.77937340576182e-05;1.69320617618424e-06;-1.16185903013901;4.36602458345638e-06;9.40199377059415e-06;0.0809576303877933;-0.0727877043214414;0.987205381927191;0.972178560653710;-0.428990603298294;0.0509577501558120;0.0340485708080838;0.0325087808679511;-0.0193975198657528;0.944536022443074;0.867762168644744;0.730785489727784;1.45385042282377;1.03253051339258;0.0387564286647363;0.0771926814233140;-0.0796574277000280;0.0959151529180848;-0.0221254957399726;0.567080848262511;1.04794171850731;0.941765853546178]
% Par=[1079.21975545697;2.96858243161773e-05;1.72762174900655e-06;-3.41666000322963;4.76013709095108e-06;9.19675793981207e-06;0.0825161254884424;-0.0876581366489516;0.979399516556627;0.970471358963119;-0.572245078126810;0.0483460387720608;0.0390453391292688;0.0344678674135422;-0.0135196770501105;0.945437708300215;0.861401601594923;0.820130507916956;1.44235827339184;1.03563410338556;0.0351094827178219;0.0821027626855274;-0.0929708214858382;0.103820464021259;-0.118810631831865;0.570388778420439;1.04375257969020;0.943684698164388]
% Par=.99*[1033.34926794600;3.09701083473716e-05;1.81639703357380e-06;-5.41258534752273;4.77405204667218e-06;9.25801188625396e-06;0.0821016075305171;-0.0875176498359573;0.982072578877141;0.967058978567436;-0.575106636168019;0.0452581520116554;0.0404636327572723;0.0311421340153692;-0.0119516813695734;0.940691958200935;0.861295042439959;0.704661245464836;1.44197174874505;1.03334806704119;0.0349127015694284;0.0897031572485201;-0.0936804768106059;0.0997103327584064;8.39314745907233e-05;0.574696258646302;1.04147930530325;0.947566112408212]
% Par=[983.022093463486;3.31566313564761e-05;1.83794356779978e-06;-5.44523632342177;5.61926084625074e-06;9.53725692405868e-06;0.0889753771747946;-0.0793484505503981;0.984498566868850;0.967274749841900;-0.549276524333615;0.0407624272035437;0.0410896566398811;0.0296656922983249;-0.0113538639341216;0.932163265919100;0.861328880547183;0.701350691850085;1.42560851549056;1.02226934914452;0.0272942556272695;0.0876156794733783;-0.0935000232043853;0.0979606199919926;8.49408638581637e-05;0.579993515972638;1.04525213779245;0.943226419803873]
% 
% Par=[1050.97295204583;4.15447166100031e-05;1.78399332411772e-06;-46.2615280603589;9.19756940876979e-06;1.02803620826928e-05;0.0833205456439204;-0.117455491477881;0.992167871550450;0.927282737678906;-0.611213573488678;0.0167545120635593;0.0371387775888913;0.0241031335728876;-0.0295431873666821;0.921163546015285;0.907924912679694;0.617341614579174;1.41787034544486;1.02575740050018;0.0330019939296579;0.135827766678229;-0.136787363305612;0.105626293391931;-0.00117155132910121;0.568959724189270;1.02821301231359;0.945280021085237]
% Par=[1055.70140032001;3.92528034840900e-05;1.82751489872330e-06;-42.4765651922800;7.99609991218126e-06;1.06867124017334e-05;0.0869391936565869;-0.123015851271997;0.997751457491844;0.923268850451216;-0.740844407375688;0.0138634168167683;0.0386437125305254;0.0225229479091978;-0.0243761131386270;0.914995165875113;0.909531369198302;0.737955174787510;1.41537215664295;1.02233132380961;0.0255405236017775;0.132351281447467;-0.135125553823993;0.107858873389641;0.0112982108590492;0.589287597255509;1.02570972402934;0.951845721444331]
